        298
-1637433961
 1845382662
  201844903
 1044140255
 1188691069
 -380350729
 -989819267
   13110196
-1940255092
-1361234285
 1805232513
-1551955562
-1404567771
-2106759491
-1413628149
-1721223174
 1843142938
 1344484586
 1274870507
 1072080019
 2036982202
  956783838
-1995049244
 1125512356
 1903689719
  184432122
-1179987888
   77731455
-1200451457
-1938287688
 -401193337
 -624024029
-1457074032
-1938352657
 1133543285
-1965242407
 -666090498
 1589572783
 1589214739
-1861724539
 1341630001
 -468031918
-1491104131
-1361746031
-1151100296
  537549188
-1847914983
 1467547237
-1608429019
-1173851351
 -347992430
 -374279979
 1062672497
 1041520085
 -464864908
  918743797
   85912809
 -154127818
 -245064979
 -608167764
 -468672010
  275514214
 1224599160
-1137191930
-1755873629
  532476040
 1991354126
 1415300871
  947598834
-1147150381
-1459469169
  961997581
-1659339363
  110349027
  641763339
 1221493105
  -69948447
-2107034398
-1439518953
-1270953599
 1872057206
  918545552
  900336997
  340299164
  -70613303
 1507175730
-1312088345
 1707288108
-1772588811
   37497495
  970577321
-1978897008
 1509170798
 -972867413
-1951251499
-1509461079
 -162789591
-1872070787
-1045423744
 -470380152
  637092801
-1168299500
  580086686
 1638477117
 1968434476
 1360826734
 2072417758
 -607486523
 1950066388
 -221270847
 2085352118
 -409314897
 1129249131
  153975403
 -759798611
-1074581284
 -582140186
 -624024736
-1176401999
 -654080258
-1362373834
 1670904459
  924285830
 -554439228
  270149238
 1903188739
  603663789
 2136968399
-1420453568
 1222315732
 1448463147
 -948546683
-2129547853
 -988923186
-1427515377
-1265205876
    8694091
  716497269
  127380942
-1599290398
 -392981602
  546288122
   83647106
  741153653
-1146101104
 1336355209
  457776065
-1072509326
  961584183
  -56646705
  280949582
  -99032174
 1870374121
 -616619844
  596429932
   91216663
 1752082523
 1007512042
  691272802
  214474888
 -556717876
 -521610670
  988380460
-1409395517
 1439095399
 -366694860
  175894882
 1483582977
 1372842958
 1057067098
  494713472
 -160847600
-1779650839
 1300004953
 1470922472
 1115360177
  370621913
 1575871193
 1954659433
 -830604619
 1300532277
 -149169538
  497650053
 1002741974
  752236472
 1380941259
-2012616900
 1972700744
 -333503035
-1159329561
-2112588526
-1932173435
 2048490317
 -800782740
  970105013
 1283906176
  924474538
 1208783143
  647128332
 -818800448
 -973073678
-1968214198
-1544745783
  672587330
  372289246
  897636117
 -493617841
-1254620050
-1585867974
-1096048706
   66515487
  -23741152
   94325348
 1555669589
 1714872879
  127313212
 -260061496
-1873926037
 -218458724
-1235645308
 -272460308
-1197957460
 1529441865
-1225606343
 -495686972
 -731985630
 1415372762
  857048590
 -361592449
 1217584016
 -552183943
 -217937300
-1957718987
 1164027458
 -604642220
 1389807490
 1817936820
  158471818
 1823055542
 1944159332
 2063210802
 1397058775
-1208772020
 1152559801
-1109673563
  840556548
  931313423
  -20814039
   79893077
 -348260370
 1732982377
 -773741175
-1021305519
-2012417289
  453035988
 -412107529
  486437735
 -550631176
 -243144613
  104528847
 -178343997
 -146665385
 -809213808
 -686597857
  527052516
-1719985596
 -537894758
 1904600714
 -970573051
 1929377825
 -519490291
  575969143
 1820738233
-1277223061
-1285766829
 1885330790
-1454943112
 -243396876
  109964821
 -110721015
   13408268
 2094355759
-1715587278
 -241099768
-1084065896
 2113726831
-1289405881
 1031126637
 -851311422
 1331360740
-1989552440
-1793662119
  183636602
 1465919253
-1093997970
-1969158789
 -269185185
-1881371297
-1002497229
-1238968149
-1309273246
 1223951455
 -882261520
 -271560651
 1146135137
 1201201389
 -525023610
 1257423449
-1276185330
-2030443628
 -338163595
-1857866226
-1107972691
 1895442479
 -978427007
  298764662
 1115678753
-1723907414
 1669277119
  757456378
-2067653395
  770504273
 1234615541
 1605673759
 2147428205
 -963044696
-1634692525
  555828407
  264479207
 -378433331
 1521690825
 -915086673
-2147223768
 -654292339
-1115949021
-1958685842
 -605660353
-1384311586
-1787921692
-1177304694
   48148686
-2115898440
 1911473061
  250588884
 -720143018
  515263881
 -307926618
 1360413816
 1145056174
  637494045
-1396176597
 2046726012
-1651849134
  956914421
  824508466
  561551880
  587749385
 -661224856
  -84832621
 -708296445
-1632310535
 -777104004
  118238625
  366654061
  720472941
 -179798257
-1472119318
  318688816
 -148819015
  276866485
 2020028107
 1237963319
 -302446197
 -763872423
-1597697350
 -608424362
  -74133338
-1322774676
 1546281749
 2064768666
 -132664225
 -956204665
 1587058404
  187112415
 -884630662
-1753794932
-1738595276
  734001134
 2107262038
 -767818975
 -144566705
 -899041701
-1399315091
 1919467335
-1597490457
  481360921
  756741137
  884542015
-1989270918
 -984580952
  664473511
-1609424890
  886449107
  729116013
-1173094186
 -974030526
-1441612358
-1799914104
 -468821575
  540876986
  809836713
 1617039021
  992244923
-1211370550
 -626379894
  661394857
-1110343790
 -537824439
 1565751145
-1983642932
 1275090221
 1741761699
 1035814837
 1158421557
-1133178352
  509359292
  502769055
 1962871200
 -217966840
-1464692341
  639167957
-1807800617
-1516651775
-1943133866
-1598256462
-1442317406
 -540938445
-1461184375
-1151535423
  742588578
 -634219802
 2012417717
  494441102
  -11476158
  459122070
-1211306101
 -966872719
-1351230002
-1076516881
 1495706710
-1752735302
-2089372873
 1008617914
 1964524021
 1994884786
 -187692766
 -166418443
 1733136188
  640784001
-1830778058
  522869586
 -701646859
 1042980874
 1271258243
-1296328453
-1713096498
 -813423674
-1601704790
  980930623
 2039393351
 -168285666
-2063621155
  171283430
 -733519817
  520777415
 1369553978
  276755681
  614193122
-2018267703
 1612143480
   62818124
-1506824594
   71806223
 -246015969
-1099753062
-1816864058
-1850302740
 -363093438
 2020134670
 1916591415
 -187315764
  883396964
  347286554
-1694411551
-1919440806
 -402122603
 1667559366
   92155049
  343106352
  164022731
-1199733056
  759960611
 1934385226
-2105923480
  -70165469
  902779881
  810339139
 -730274819
 -292269801
  -94094367
 1258977015
 -519898161
  787123797
    5648201
-1585327095
-1434388596
 1599775524
-1010863266
-1987812516
-1171749766
-1029242767
-1664129346
-1272454562
 1005613928
-1069352944
 1113058571
  391428293
  475505252
-1086262834
 -410309004
-1843972110
 1090227561
-1188456459
 2143413265
  -68626845
 -563431303
-1270871103
 -960158535
-1774402381
-1223839464
 -392850299
  897338470
  972519093
 1272023556
 -610693254
 1997749289
  949163719
 1643478804
 1976593815
 1226976414
  -97088908
-1128920132
 -641329756
 1051263970
  624040255
 -629833895
-1527939950
 -772969534
-1709533236
 -929224753
  583372481
-2003318138
 1627383439
-2057574461
  747374848
-1227997318
  -54355395
 -825424098
  913642523
-1494456423
-2142001421
 1835971383
 1307701270
  635974925
 -413390648
 1049237032
 1927534240
 1039373612
 1988477403
  281302864
  278682139
 1855931037
-1562525141
 -110494567
 1895735470
 -683294578
 1477698298
 -120882758
-2089773279
 -576769423
 -216091506
 -237598727
   95405415
-1142591507
 1286515318
 1276838082
-1702593772
-1724436222
  669999455
 -669075169
-1820521855
 1391922281
 1283236353
-1751286770
 -999552583
 1582639890
 -222446026
-1614495287
 1580892714
 -374110148
 1213858441
 -149278742
 -291471262
-1705304929
 2068727955
  -29218599
 1307433833
 1107341338
-1426705468
-1287845483
-1107896546
 1138964414
 2085472122
-1155458555
